key expand reconstruct status
1,1,1,1,1,1,1,1;658812288346769703 304049037939012924 544597939530367359 DIFF
1,1,1,1,1,1,1,1;658812288346769704 1 1 OK
1,1,1,1,1,1,1,2;658812288346769704 979379103520952211 579427216072536753 DIFF
1,1,1,1,1,1,1,3;658812288346769705 508241212433990365 1922039824420011037 DIFF
1,1,1,1,1,1,2,1;658812288346769704 2182815185528792906 124523763126889637 DIFF
1,1,1,1,1,1,2,2;658812288346769705 581890394823733703 1520984865655037625 DIFF
1,1,1,1,1,1,3,1;658812288346769705 907501672834997837 1162801794536624882 DIFF
1,1,1,1,1,2,1,1;658812288346769704 1644876003333504079 1167455540836197497 DIFF
1,1,1,1,1,2,1,2;658812288346769705 1329620989821118233 1565479850727070174 DIFF
1,1,1,1,1,2,2,1;658812288346769705 78116258615872353 1498962646383700354 DIFF
1,1,1,1,1,3,1,1;658812288346769705 36834377695111403 116190677748268304 DIFF
1,1,1,1,2,1,1,2;658812288346769705 2093675196508506422 2206721815981353734 DIFF
1,1,1,1,2,1,2,1;658812288346769705 1021104184666040660 199279261868743867 DIFF
1,1,1,1,2,2,1,1;658812288346769705 789068006434995686 343217160679075788 DIFF
1,1,2,1,1,1,1,1;658812288346769704 1031466212299956360 640898566797182989 DIFF
1,1,2,1,1,1,1,2;658812288346769705 2158935188096384438 2089731341707848056 DIFF
1,1,2,1,1,1,2,1;658812288346769705 2232009225716707381 484032010254747538 DIFF
1,1,2,1,1,2,1,1;658812288346769705 437066406075942245 163525097115561184 DIFF
1,1,3,1,1,1,1,1;658812288346769705 2064606071965463946 1616612277409046355 DIFF
1,2,1,1,1,1,1,1;658812288346769704 674332567632642503 438043311291348345 DIFF
1,2,1,1,1,1,1,2;658812288346769705 428534812998512582 1767973659049395696 DIFF
1,2,1,1,1,1,2,1;658812288346769705 401191640480104929 1513948888838361722 DIFF
1,2,1,1,1,2,1,1;658812288346769705 1652548484505284828 1884800562805729491 DIFF
1,2,2,1,1,1,1,1;658812288346769705 1412341271535992980 15213069102957365 DIFF
1,3,1,1,1,1,1,1;658812288346769705 2197415433934213819 2115338689198548102 DIFF
2,1,2,1,1,1,1,1;658812288346769705 3540288387975393 345334126884705262 DIFF
2,2,1,1,1,1,1,1;658812288346769705 2295106875073824532 2130551758301505467 DIFF
TOTAL 27 DIFF 26
