p=2305843009213693951 a=810161057291297875 b=1033653762750966254 d=658812288346769704
S_eval_point={0,0}
U(a,b)=2277760219085768383
num_master=17

KEY 1: nu={0,0,1,0,1,1}; delta=658812288346769703
RAW={0,0,0,0,0,0,0,0,0,0,0,0,0,0,0,0,739479317633912850}
REDEF={0,0,0,0,0,0,0,0,0,0,0,0,0,0,0,0,739479317633912850}

KEY 2: nu={0,0,1,0,1,1}; delta=658812288346769704
RAW={0,0,0,0,0,0,0,0,0,0,0,0,0,0,0,0,1}
REDEF={0,0,0,0,0,0,0,0,0,0,0,0,0,0,0,0,1}

KEY 3: nu={0,0,1,1,0,1}; delta=658812288346769703
RAW={0,0,0,0,0,0,0,0,0,0,0,0,0,0,0,1299768096930334474,0}
REDEF={0,0,0,0,0,0,0,0,0,0,0,0,0,0,0,1299768096930334474,0}

KEY 4: nu={0,0,1,1,0,1}; delta=658812288346769704
RAW={0,0,0,0,0,0,0,0,0,0,0,0,0,0,0,1,0}
REDEF={0,0,0,0,0,0,0,0,0,0,0,0,0,0,0,1,0}

KEY 5: nu={0,0,1,1,1,1}; delta=658812288346769703
RAW={0,0,0,0,0,0,0,0,0,0,0,0,0,0,1329185018712129416,1706449459710878536,2221180743564416912}
REDEF={0,0,0,0,0,0,0,0,0,0,0,0,0,0,1329185018712129416,262285093682038792,21552823017818435}

KEY 6: nu={0,0,1,1,1,1}; delta=658812288346769704
RAW={0,0,0,0,0,0,0,0,0,0,0,0,0,0,1,0,0}
REDEF={0,0,0,0,0,0,0,0,0,0,0,0,0,0,1,0,0}

KEY 7: nu={0,1,0,0,1,1}; delta=658812288346769702
RAW={0,0,0,0,0,0,0,0,0,0,0,0,0,1482867518898675661,0,0,0}
REDEF={0,0,0,0,0,0,0,0,0,0,0,0,0,2158513915004670284,0,0,0}

KEY 8: nu={0,1,0,0,1,1}; delta=658812288346769703
RAW={0,0,0,0,0,0,0,0,0,0,0,0,0,739479317633912850,0,0,0}
REDEF={0,0,0,0,0,0,0,0,0,0,0,0,0,739479317633912850,0,0,0}

KEY 9: nu={0,1,0,0,1,1}; delta=658812288346769704
RAW={0,0,0,0,0,0,0,0,0,0,0,0,0,1,0,0,0}
REDEF={0,0,0,0,0,0,0,0,0,0,0,0,0,1,0,0,0}

KEY 10: nu={0,1,0,1,0,1}; delta=658812288346769703
RAW={0,0,0,0,0,0,0,0,0,0,0,0,739479317633912850,0,0,0,0}
REDEF={0,0,0,0,0,0,0,0,0,0,0,0,739479317633912850,0,0,0,0}

KEY 11: nu={0,1,0,1,0,1}; delta=658812288346769704
RAW={0,0,0,0,0,0,0,0,0,0,0,0,1,0,0,0,0}
REDEF={0,0,0,0,0,0,0,0,0,0,0,0,1,0,0,0,0}

KEY 12: nu={0,1,0,1,1,1}; delta=658812288346769703
RAW={0,0,0,0,0,0,0,0,0,0,0,126368235615342730,1994372049765822627,1994372049765822627,0,0,0}
REDEF={0,0,0,0,0,0,0,0,0,0,0,126368235615342730,757957886514515799,757957886514515799,0,0,0}

KEY 13: nu={0,1,0,1,1,1}; delta=658812288346769704
RAW={0,0,0,0,0,0,0,0,0,0,0,1,0,0,0,0,0}
REDEF={0,0,0,0,0,0,0,0,0,0,0,1,0,0,0,0,0}

KEY 14: nu={0,1,1,0,1,1}; delta=658812288346769703
RAW={0,0,0,0,0,0,0,0,0,0,0,0,0,822975490315018290,0,0,0}
REDEF={0,0,0,0,0,0,0,0,0,0,0,0,0,83560163583794225,0,0,0}

KEY 15: nu={0,1,1,1,0,1}; delta=658812288346769703
RAW={0,0,0,0,0,0,0,0,0,0,0,0,1678815284120849899,0,0,1397719282873389906,0}
REDEF={0,0,0,0,0,0,0,0,0,0,0,0,2284981183170138463,0,0,1009455751142072555,0}

KEY 16: nu={0,1,1,1,1,1}; delta=658812288346769703
RAW={0,0,0,0,0,0,0,0,0,0,2010051282160128811,469185001931843994,1481245685091674959,1733089179448875295,48329595395961417,1509284487527328022,258404761546892245}
REDEF={0,0,0,0,0,0,0,0,0,0,2010051282160128811,1241888629288822070,1027356110144543291,27830150097910405,1213776349800773710,947218356863593922,2042979602786358708}

KEY 17: nu={0,1,1,1,1,1}; delta=658812288346769704
RAW={0,0,0,0,0,0,0,0,0,0,1,0,0,0,0,0,0}
REDEF={0,0,0,0,0,0,0,0,0,0,1,0,0,0,0,0,0}

KEY 18: nu={0,1,1,1,1,2}; delta=658812288346769704
RAW={0,0,0,0,0,0,0,0,0,0,295791727053565140,1836658007281849957,824597324122018992,572753829764818656,2257513413817732534,796558521686365929,2047438247666801706}
REDEF={0,0,0,0,0,0,0,0,0,0,263524915338707878,1728540565320282723,254322832203338373,2022803064533573272,902946848612833580,2289483464053619551,6824121866239422}

KEY 19: nu={0,1,1,1,2,1}; delta=658812288346769704
RAW={0,0,0,0,0,0,0,0,0,0,295791727053565140,960804987034441158,412298662061009496,160455167703809160,1522050645663305766,538063594827812620,1509374652838989086}
REDEF={0,0,0,0,0,0,0,0,0,0,263524915338707878,502759708896935050,1280082920708516162,742720143825057110,486009712928135672,1409892410077675469,902774721002257904}

KEY 20: nu={0,1,1,2,1,1}; delta=658812288346769704
RAW={0,0,0,0,0,0,0,0,0,0,0,875853020247408799,412298662061009496,412298662061009496,735462768154426768,258494926858553309,538063594827812620}
REDEF={0,0,0,0,0,0,0,0,0,0,0,1225780856423347673,1280082920708516162,1280082920708516162,416937135684697908,879591053975944082,1409892410077675469}

KEY 21: nu={0,1,2,1,1,1}; delta=658812288346769704
RAW={0,0,0,0,0,0,0,0,0,0,1076450503498931001,416849657993670950,1579821429787585600,2072619460552256508,1840663755824061584,1522580101112474280,525698149308229040}
REDEF={0,0,0,0,0,0,0,0,0,0,2123839561385269378,1592479188176259314,1204473176340223370,1466980922625967741,1616310669650268217,1085010287713396181,1603606308024066303}

KEY 22: nu={0,2,0,0,1,1}; delta=658812288346769703
RAW={0,0,0,0,0,0,0,0,0,0,0,0,0,822975490315018290,0,0,0}
REDEF={0,0,0,0,0,0,0,0,0,0,0,0,0,83560163583794225,0,0,0}

KEY 23: nu={1,0,0,0,1,1}; delta=658812288346769703
RAW={0,0,0,0,0,0,0,0,0,1299768096930334474,0,0,0,0,0,0,0}
REDEF={0,0,0,0,0,0,0,0,0,1299768096930334474,0,0,0,0,0,0,0}

KEY 24: nu={1,0,0,0,1,1}; delta=658812288346769704
RAW={0,0,0,0,0,0,0,0,0,1,0,0,0,0,0,0,0}
REDEF={0,0,0,0,0,0,0,0,0,1,0,0,0,0,0,0,0}

KEY 25: nu={1,0,0,1,0,1}; delta=658812288346769702
RAW={0,0,0,0,0,0,0,0,1482867518898675661,0,0,0,0,0,0,0,0}
REDEF={0,0,0,0,0,0,0,0,2158513915004670284,0,0,0,0,0,0,0,0}

KEY 26: nu={1,0,0,1,0,1}; delta=658812288346769703
RAW={0,0,0,0,0,0,0,0,739479317633912850,0,0,0,0,0,0,0,0}
REDEF={0,0,0,0,0,0,0,0,739479317633912850,0,0,0,0,0,0,0,0}

KEY 27: nu={1,0,0,1,0,1}; delta=658812288346769704
RAW={0,0,0,0,0,0,0,0,1,0,0,0,0,0,0,0,0}
REDEF={0,0,0,0,0,0,0,0,1,0,0,0,0,0,0,0,0}

KEY 28: nu={1,0,0,1,1,1}; delta=658812288346769703
RAW={0,0,0,0,0,0,0,1329185018712129416,2221180743564416912,1706449459710878536,0,0,0,0,0,0,0}
REDEF={0,0,0,0,0,0,0,1329185018712129416,21552823017818435,262285093682038792,0,0,0,0,0,0,0}

KEY 29: nu={1,0,0,1,1,1}; delta=658812288346769704
RAW={0,0,0,0,0,0,0,1,0,0,0,0,0,0,0,0,0}
REDEF={0,0,0,0,0,0,0,1,0,0,0,0,0,0,0,0,0}

KEY 30: nu={1,0,1,0,1,1}; delta=658812288346769703
RAW={0,0,0,0,0,0,1305056120717202987,0,0,203119515320455844,0,0,0,0,0,0,887138283797102886}
REDEF={0,0,0,0,0,0,1305056120717202987,0,0,2199662760567479767,0,0,0,0,0,0,1164813815584123882}

KEY 31: nu={1,0,1,0,1,1}; delta=658812288346769704
RAW={0,0,0,0,0,0,1,0,0,0,0,0,0,0,0,0,0}
REDEF={0,0,0,0,0,0,1,0,0,0,0,0,0,0,0,0,0}

KEY 32: nu={1,0,1,1,0,1}; delta=658812288346769703
RAW={0,0,0,0,0,1305056120717202987,0,0,887138283797102886,0,0,0,0,0,0,203119515320455844,0}
REDEF={0,0,0,0,0,1305056120717202987,0,0,1164813815584123882,0,0,0,0,0,0,2199662760567479767,0}

KEY 33: nu={1,0,1,1,0,1}; delta=658812288346769704
RAW={0,0,0,0,0,1,0,0,0,0,0,0,0,0,0,0,0}
REDEF={0,0,0,0,0,1,0,0,0,0,0,0,0,0,0,0,0}

KEY 34: nu={1,0,1,1,1,1}; delta=658812288346769703
RAW={0,0,0,0,1433412712698646996,2123808853442580528,2123808853442580528,330649580495084642,1658297131311988684,1762235139149002295,0,0,0,0,330649580495084642,1762235139149002295,1658297131311988684}
REDEF={0,0,0,0,1433412712698646996,935639755750508510,935639755750508510,1064471301200940489,1805558140123307712,1782376083210298230,0,0,0,0,1064471301200940489,1782376083210298230,1805558140123307712}

KEY 35: nu={1,0,1,1,1,1}; delta=658812288346769704
RAW={0,0,0,0,1,0,0,0,0,0,0,0,0,0,0,0,0}
REDEF={0,0,0,0,1,0,0,0,0,0,0,0,0,0,0,0,0}

KEY 36: nu={1,0,1,1,1,2}; delta=658812288346769704
RAW={0,0,0,0,872430296515046955,182034155771113423,182034155771113423,1975193428718609309,647545877901705267,543607870064691656,0,0,0,0,1975193428718609309,543607870064691656,647545877901705267}
REDEF={0,0,0,0,2163170284348788403,741745003296373423,741745003296373423,82343790514066298,595436473455585360,1062192474390225511,0,0,0,0,82343790514066298,1062192474390225511,595436473455585360}

KEY 37: nu={1,0,1,1,2,1}; delta=658812288346769704
RAW={0,0,0,0,1589136652864370453,938723672193162908,1549153492791644466,2146419867547086983,55181596953149457,488426273111542199,0,0,0,0,2134616570385216277,55181596953149457,592364280948555810}
REDEF={0,0,0,0,2234506646781241177,1501308716196082089,1546279296313985285,891758506158050884,1596184184460037894,1771851299143881568,0,0,0,0,1496428293569709365,1596184184460037894,1305095298209241417}

KEY 38: nu={1,0,1,2,1,1}; delta=658812288346769704
RAW={0,0,0,0,1589136652864370453,1549153492791644466,938723672193162908,2134616570385216277,592364280948555810,55181596953149457,0,0,0,0,2146419867547086983,488426273111542199,55181596953149457}
REDEF={0,0,0,0,2234506646781241177,1546279296313985285,1501308716196082089,1496428293569709365,1305095298209241417,1596184184460037894,0,0,0,0,891758506158050884,1771851299143881568,1596184184460037894}

KEY 39: nu={1,0,2,1,1,1}; delta=658812288346769704
RAW={0,0,0,0,1589136652864370453,95155678051255579,86878477719857844,818974824010379335,1740284354902627331,1740284354902627331,0,0,0,0,1156218604708229974,1109166524375758276,1213104532212771887}
REDEF={0,0,0,0,2234506646781241177,579480306429399356,162264696866974067,565533000705314888,828042386228200274,828042386228200274,0,0,0,0,1822653799022445361,234150088162025237,2073237096441079037}

KEY 40: nu={1,1,0,0,1,1}; delta=658812288346769703
RAW={0,0,0,0,0,0,0,0,0,1397719282873389906,0,0,0,1678815284120849899,0,0,0}
REDEF={0,0,0,0,0,0,0,0,0,1009455751142072555,0,0,0,2284981183170138463,0,0,0}

KEY 41: nu={1,1,0,1,0,1}; delta=658812288346769703
RAW={0,0,0,0,0,0,0,0,822975490315018290,0,0,0,0,0,0,0,0}
REDEF={0,0,0,0,0,0,0,0,83560163583794225,0,0,0,0,0,0,0,0}

KEY 42: nu={1,1,0,1,1,1}; delta=658812288346769703
RAW={0,0,0,2010051282160128811,0,0,0,48329595395961417,258404761546892245,1509284487527328022,0,469185001931843994,1733089179448875295,1481245685091674959,0,0,0}
REDEF={0,0,0,2010051282160128811,0,0,0,1213776349800773710,2042979602786358708,947218356863593922,0,1241888629288822070,27830150097910405,1027356110144543291,0,0,0}

KEY 43: nu={1,1,0,1,1,1}; delta=658812288346769704
RAW={0,0,0,1,0,0,0,0,0,0,0,0,0,0,0,0,0}
REDEF={0,0,0,1,0,0,0,0,0,0,0,0,0,0,0,0,0}

KEY 44: nu={1,1,0,1,1,2}; delta=658812288346769704
RAW={0,0,0,295791727053565140,0,0,0,2257513413817732534,2047438247666801706,796558521686365929,0,1836658007281849957,572753829764818656,824597324122018992,0,0,0}
REDEF={0,0,0,263524915338707878,0,0,0,902946848612833580,6824121866239422,2289483464053619551,0,1728540565320282723,2022803064533573272,254322832203338373,0,0,0}

KEY 45: nu={1,1,0,1,2,1}; delta=658812288346769704
RAW={0,0,0,0,0,0,0,735462768154426768,538063594827812620,258494926858553309,0,875853020247408799,412298662061009496,412298662061009496,0,0,0}
REDEF={0,0,0,0,0,0,0,416937135684697908,1409892410077675469,879591053975944082,0,1225780856423347673,1280082920708516162,1280082920708516162,0,0,0}

KEY 46: nu={1,1,0,2,1,1}; delta=658812288346769704
RAW={0,0,0,295791727053565140,0,0,0,1522050645663305766,1509374652838989086,538063594827812620,0,960804987034441158,160455167703809160,412298662061009496,0,0,0}
REDEF={0,0,0,263524915338707878,0,0,0,486009712928135672,902774721002257904,1409892410077675469,0,502759708896935050,742720143825057110,1280082920708516162,0,0,0}

KEY 47: nu={1,1,1,0,1,1}; delta=658812288346769703
RAW={0,0,2010051282160128811,0,0,0,1454620173963739312,0,0,773746515935155728,0,0,0,1271498870323843706,0,0,2282802270582162089}
REDEF={0,0,2010051282160128811,0,0,0,237719687507735539,0,0,436331872652681994,0,0,0,1238082143046338167,0,0,33657027968442381}

KEY 48: nu={1,1,1,0,1,1}; delta=658812288346769704
RAW={0,0,1,0,0,0,0,0,0,0,0,0,0,0,0,0,0}
REDEF={0,0,1,0,0,0,0,0,0,0,0,0,0,0,0,0,0}

KEY 49: nu={1,1,1,0,1,2}; delta=658812288346769704
RAW={0,0,295791727053565140,0,0,0,851222835249954639,0,0,1532096493278538223,0,0,0,1034344138889850245,0,0,23040738631531862}
REDEF={0,0,263524915338707878,0,0,0,1921965581132525198,0,0,152810421735916873,0,0,0,776283180397186281,0,0,1503792657116046938}

KEY 50: nu={1,1,1,0,2,1}; delta=658812288346769704
RAW={0,0,295791727053565140,0,0,0,851222835249954639,0,0,1532096493278538223,0,0,0,1034344138889850245,0,0,23040738631531862}
REDEF={0,0,263524915338707878,0,0,0,1921965581132525198,0,0,152810421735916873,0,0,0,776283180397186281,0,0,1503792657116046938}

KEY 51: nu={1,1,1,1,0,1}; delta=658812288346769703
RAW={0,2010051282160128811,0,0,0,1454620173963739312,0,0,2282802270582162089,0,0,0,1271498870323843706,0,0,773746515935155728,0}
REDEF={0,2010051282160128811,0,0,0,237719687507735539,0,0,33657027968442381,0,0,0,1238082143046338167,0,0,436331872652681994,0}

KEY 52: nu={1,1,1,1,0,1}; delta=658812288346769704
RAW={0,1,0,0,0,0,0,0,0,0,0,0,0,0,0,0,0}
REDEF={0,1,0,0,0,0,0,0,0,0,0,0,0,0,0,0,0}

KEY 53: nu={1,1,1,1,0,2}; delta=658812288346769704
RAW={0,295791727053565140,0,0,0,851222835249954639,0,0,23040738631531862,0,0,0,1034344138889850245,0,0,1532096493278538223,0}
REDEF={0,263524915338707878,0,0,0,1921965581132525198,0,0,1503792657116046938,0,0,0,776283180397186281,0,0,152810421735916873,0}

KEY 54: nu={1,1,1,1,1,1}; delta=658812288346769703
RAW={1917683968181355503,2170212799745835742,2170212799745835742,104347722712386726,297767280063991863,746454308255905245,746454308255905245,1353508845593751887,981541616736092273,1293219118777888336,104347722712386726,1393560800903049421,886489880123483211,886489880123483211,1353508845593751887,1293219118777888336,981541616736092273}
REDEF={1917683968181355503,1896177488682374303,1896177488682374303,1011364173863252540,1749545376984184822,1505224893494503446,1505224893494503446,1660421270388276942,1770255706434724854,1616486259280209968,1011364173863252540,874186791834501477,342878633796960383,342878633796960383,1660421270388276942,1616486259280209968,1770255706434724854}

KEY 55: nu={1,1,1,1,1,1}; delta=658812288346769704
RAW={1,0,0,0,0,0,0,0,0,0,0,0,0,0,0,0,0}
REDEF={1,0,0,0,0,0,0,0,0,0,0,0,0,0,0,0,0}

KEY 56: nu={1,1,1,1,1,2}; delta=658812288346769704
RAW={388159041032338448,135630209467858209,135630209467858209,2201495286501307225,2008075729149702088,1559388700957788706,1559388700957788706,952334163619942064,1324301392477601678,1012623890435805615,2201495286501307225,912282208310644530,1419353129090210740,1419353129090210740,952334163619942064,1012623890435805615,1324301392477601678}
REDEF={230137682166087608,306348706567370763,306348706567370763,1343230718663028189,2164495790656042287,1599109617126683368,1599109617126683368,1570749682458444706,1989664434307439358,2233950023412485520,1343230718663028189,1274064836661917584,1520966665012406131,1520966665012406131,1570749682458444706,2233950023412485520,1989664434307439358}

KEY 57: nu={1,1,1,1,1,3}; delta=658812288346769705
RAW={2111763488697524727,1085106399872917871,1085106399872917871,52173861356193363,1301805144638842907,1526148658734799598,1526148658734799598,1829675927403722919,1643692312974893112,646609559388944168,52173861356193363,1849701905058371686,1596166444668588581,1596166444668588581,1829675927403722919,646609559388944168,1643692312974893112}
REDEF={1004447416053099001,1085106399872917871,1085106399872917871,52173861356193363,1301805144638842907,1403339195966826693,1403339195966826693,325697486772480248,838847557000354574,1295403230351738502,52173861356193363,524306989913234805,872955596151192886,872955596151192886,325697486772480248,1295403230351738502,838847557000354574}

KEY 58: nu={1,1,1,1,2,1}; delta=658812288346769704
RAW={194079520516169224,304146943734754891,2137326274946797269,2094905832794838203,1004037864574851044,1677227053602634277,2188004656568848380,1941008706203019796,711582916249074066,301040974186731549,106589453706469022,456141104155322265,709676564545105370,709676564545105370,1317168466630616219,711582916249074066,612718476228527612}
REDEF={115068841083043804,382587432359105110,2229604283421959604,93324572893793996,2235169399934868119,2231060011775372869,1673892614565004450,39509072896837958,458550572909614436,1775399450502871084,1249906145769234193,637032418330958792,1913404837113050041,1913404837113050041,1531240609561606748,458550572909614436,1531113861397824922}

KEY 59: nu={1,1,1,1,3,1}; delta=658812288346769705
RAW={110456925488577979,500424016369734765,1889677359977407527,52734294104713937,2054833543069981190,1310075493509611894,2207608196633351818,2216743905068882923,778247728441237308,224153289072243893,2199813988255745503,1888177433091740261,975502363470570633,975502363470570633,1375742520248237736,1171803822647919610,827679948451510535}
REDEF={1872793183682228430,500424016369734765,1889677359977407527,52734294104713937,2054833543069981190,1534657720185367394,1411052053838112413,1366383864015769439,545167642499940999,1324029343663251230,2199813988255745503,730628678502978960,1371160403644645197,1371160403644645197,144186017671861463,1186881610902299225,225759701909509076}

KEY 60: nu={1,1,1,2,0,1}; delta=658812288346769704
RAW={0,295791727053565140,0,0,0,851222835249954639,0,0,23040738631531862,0,0,0,1034344138889850245,0,0,1532096493278538223,0}
REDEF={0,263524915338707878,0,0,0,1921965581132525198,0,0,1503792657116046938,0,0,0,776283180397186281,0,0,152810421735916873,0}

KEY 61: nu={1,1,1,2,1,1}; delta=658812288346769704
RAW={194079520516169224,2137326274946797269,304146943734754891,106589453706469022,1004037864574851044,2188004656568848380,1677227053602634277,1317168466630616219,612718476228527612,711582916249074066,2094905832794838203,456141104155322265,709676564545105370,709676564545105370,1941008706203019796,301040974186731549,711582916249074066}
REDEF={115068841083043804,2229604283421959604,382587432359105110,1249906145769234193,2235169399934868119,1673892614565004450,2231060011775372869,1531240609561606748,1531113861397824922,458550572909614436,93324572893793996,637032418330958792,1913404837113050041,1913404837113050041,39509072896837958,1775399450502871084,458550572909614436}

KEY 62: nu={1,1,1,2,2,1}; delta=658812288346769705
RAW={1890849637720368769,1000848032739469530,1000848032739469530,105468588209427874,1803824076926268429,314307977805529837,314307977805529837,543032511300296211,37764636082145269,1556495456882474616,105468588209427874,379190048088585115,1951004726941141266,1951004726941141266,543032511300296211,1556495456882474616,37764636082145269}
REDEF={1870547067116030043,1000848032739469530,1000848032739469530,105468588209427874,1803824076926268429,763472431157040837,763472431157040837,1120970614298543297,67920212590904499,1090335284999881998,105468588209427874,1368892642120970836,436477798075596443,436477798075596443,1120970614298543297,1090335284999881998,67920212590904499}

KEY 63: nu={1,1,1,3,1,1}; delta=658812288346769705
RAW={110456925488577979,1889677359977407527,500424016369734765,2199813988255745503,2054833543069981190,2207608196633351818,1310075493509611894,1375742520248237736,827679948451510535,1171803822647919610,52734294104713937,1888177433091740261,975502363470570633,975502363470570633,2216743905068882923,224153289072243893,778247728441237308}
REDEF={1872793183682228430,1889677359977407527,500424016369734765,2199813988255745503,2054833543069981190,1411052053838112413,1534657720185367394,144186017671861463,225759701909509076,1186881610902299225,52734294104713937,730628678502978960,1371160403644645197,1371160403644645197,1366383864015769439,1324029343663251230,545167642499940999}

KEY 64: nu={1,1,2,0,1,1}; delta=658812288346769704
RAW={0,0,2029346461790031821,0,0,0,1945930325823729516,0,0,787814951930841202,0,0,0,518682853761393723,0,0,1795082431564882986}
REDEF={0,0,1136274939651592688,0,0,0,1856312673341422335,0,0,2021774884001270432,0,0,0,1594556350333678820,0,0,1843621800287125158}

KEY 65: nu={1,1,2,1,0,1}; delta=658812288346769704
RAW={0,0,0,0,0,1862273867315142508,0,0,787814951930841202,0,0,0,267776702241592599,0,0,476504839106104422,0}
REDEF={0,0,0,0,0,64409311467975031,0,0,2021774884001270432,0,0,0,1352021840868286333,0,0,1390699715293748010,0}

KEY 66: nu={1,1,2,1,1,1}; delta=658812288346769704
RAW={253128938041348466,2094905832794838203,106589453706469022,753622441811681910,1404001084875259269,1342204361550564612,1324393432049725349,2257070888221970678,963478077926009539,963478077926009539,2192916640003521320,117138545574785154,1928630782697098663,567987575954043209,883967739036880183,426358039026391364,2098678747811242881}
REDEF={1650256300766181560,93324572893793996,1249906145769234193,1059489963764257073,507032713108772409,222290810943345650,616464766364886537,412561104054744622,2195322763981180892,2195322763981180892,158419018811812174,1450256368292728268,2301861120533535903,156228603183744087,2013775219324665767,42609148111462676,1943956076356208330}

KEY 67: nu={1,1,2,1,2,1}; delta=658812288346769705
RAW={1358367749018323146,105468588209427874,2093784967297797055,1929031788307852996,450920962169217341,886796909168628375,94652667995340227,1177307565102708612,184728220027251461,1157636711260432951,489737590116013586,1033059767232457293,188606113258297644,1549249320001353098,1084150219461605778,1220925759679070780,1292081510937074241}
REDEF={447012104919765847,105468588209427874,2093784967297797055,1929031788307852996,450920962169217341,292916343681095594,159349740013690183,2304442744916957199,1843392452512176776,27295216295838472,489737590116013586,1135105688907046717,1504773007824968246,929065683874932592,275637225031956258,115933046467335426,1868921725452845538}

KEY 68: nu={1,1,3,1,1,1}; delta=658812288346769705
RAW={1797613766199875076,964515894153926498,461914911283081271,1077597853088584846,162870048176695445,1819993814432928902,356434647993237653,1530075135425950309,410205942833405971,643855674924179373,372291994841910287,2015934305324711351,1313096609763643618,1148251808029414914,1776614212765133126,369361437103448680,2226508635099805054}
REDEF={1251622624942254451,964515894153926498,461914911283081271,1077597853088584846,162870048176695445,1915711551436553785,1812799928261472078,290527372616311793,2012024669534808837,794652079477758849,372291994841910287,1915687352276414349,1685265023385971619,1458998749886298,1658635208546222242,2075525722843064029,731762740947064538}

KEY 69: nu={1,2,1,1,2,1}; delta=658812288346769705
RAW={59049417525179242,1790758889060083312,275106187973365704,964559618230537658,399963220300408225,1160865146487496875,2252186955368698331,1155644696406451504,188606113258297644,188606113258297644,2086327186297052298,1966840450633156840,1218954218151993293,2164154020622631790,1033059767232457293,188606113258297644,1549249320001353098}
REDEF={1082003155906899946,1790758889060083312,275106187973365704,964559618230537658,399963220300408225,941112174951890486,1033476889836877570,1012761983208266319,1504773007824968246,1504773007824968246,2086327186297052298,682282327011615720,169252589714950345,744959913664985999,1135105688907046717,1504773007824968246,929065683874932592}

KEY 70: nu={1,2,2,1,1,1}; delta=658812288346769705
RAW={1742021870944393531,964559618230537658,1652234953846903342,1853515173475060559,250361731631652902,202042808119513873,841129061286041683,846000606929003890,1540084704986207675,1540084704986207675,1824832691776570267,1922521264487870107,822620320430488279,207110121428307190,1726025601435728751,320350210313593285,1383964668995564069}
REDEF={654174881475918745,964559618230537658,1652234953846903342,1853515173475060559,250361731631652902,1879980041021421697,2158246127616271335,1140932990154973275,869020189210267778,869020189210267778,1824832691776570267,1787245995834898965,1075838788881419427,1561900504989860464,1525531695339134747,1064687037558249287,1237868140284228141}

KEY 71: nu={2,0,0,1,0,1}; delta=658812288346769703
RAW={0,0,0,0,0,0,0,0,822975490315018290,0,0,0,0,0,0,0,0}
REDEF={0,0,0,0,0,0,0,0,83560163583794225,0,0,0,0,0,0,0,0}

KEY 72: nu={2,1,2,1,1,1}; delta=658812288346769705
RAW={1327150686255589704,1929031788307852996,1929031788307852996,2155195706177169692,325740096353390890,1733294229105145564,1733294229105145564,754307261638206667,1287711349848358746,820411885666811942,2155195706177169692,846000606929003890,1540084704986207675,1540084704986207675,754307261638206667,820411885666811942,1287711349848358746}
REDEF={1376710147213159310,1929031788307852996,1929031788307852996,2155195706177169692,325740096353390890,1585949127196652139,1585949127196652139,581054745232623586,1589304158955517698,1718206329855923723,2155195706177169692,1140932990154973275,869020189210267778,869020189210267778,581054745232623586,1718206329855923723,1589304158955517698}

